//Exported ASCII-File
[Header]
FileName = C:\Users\reoml\Desktop\Mestrado\mapa raman\Mapa Raman_GO e rGO.WIP
ImageName = Scan_000_Spec.Data 1_F: Min & Max -> Maximum [2823.9 rel. 1/cm -> 3017.3 rel. 1/cm]
PointsPerLine = 61
LinesPerImage = 61
ScanUnit = µm
ScanWidth = 30
ScanHeight = 30
ScanOriginX = -18.2950000762939
ScanOriginY = -4.44199991226196
ScanOriginZ = 0
DataUnit = CCD cts
[Data]
 6.45491E+00	 6.50000E+00	 5.30910E+00	 4.15101E+00	 5.50000E+00	 4.84257E+00	 5.54609E+00	 6.08486E+00	 5.22045E+00	 5.87643E+00	 6.41514E+00	 5.27354E+00	 5.72920E+00	 5.96042E+00	 4.87643E+00	 6.34742E+00	 6.21471E+00	 6.45522E+00	 5.06502E+00	 5.97567E+00	 3.70886E+00	 4.21837E+00	 5.35086E+00	 6.16150E+00	 4.82997E+00	 5.83257E+00	 8.03661E+00	 4.85679E+00	 6.11139E+00	 6.50000E+00	 6.54854E+00	 5.97572E+00	 6.35779E+00	 5.97117E+00	 5.17202E+00	 4.60327E+00	 5.50286E+00	 4.18161E+00	 4.45848E+00	 5.00000E+00	 5.39147E+00	 4.11846E+00	 4.81979E+00	 6.75348E+00	 6.18694E+00	 5.11077E+00	 6.75366E+00	 5.38023E+00	 6.25258E+00	 6.13562E+00	 4.89760E+00	 5.17384E+00	 4.71618E+00	 5.81430E+00	 6.21531E+00	 4.63371E+00	 5.73216E+00	 4.67113E+00	 4.70666E+00	 5.09733E+00	 5.10194E+00
 6.11633E+00	 4.72416E+00	 5.95973E+00	 5.03295E+00	 4.37356E+00	 5.47745E+00	 4.79521E+00	 5.14238E+00	 6.00000E+00	 6.21531E+00	 5.02611E+00	 5.02125E+00	 6.05563E+00	 4.63184E+00	 5.14760E+00	 6.36633E+00	 5.39673E+00	 4.36893E+00	 4.24827E+00	 4.67715E+00	 5.92715E+00	 5.74655E+00	 3.75000E+00	 4.95560E+00	 5.89667E+00	 5.02781E+00	 5.37241E+00	 5.60439E+00	 7.80999E+00	 4.05999E+00	 5.16590E+00	 6.10593E+00	 5.21192E+00	 6.44797E+00	 6.61093E+00	 4.89238E+00	 4.22769E+00	 4.25000E+00	 5.44451E+00	 4.55043E+00	 6.15976E+00	 5.87069E+00	 5.55043E+00	 3.50000E+00	 5.68222E+00	 4.90187E+00	 6.05639E+00	 4.45877E+00	 4.49310E+00	 4.86997E+00	 2.90388E+00	 5.47973E+00	 3.65292E+00	 4.50000E+00	 4.13717E+00	 4.81954E+00	 3.49310E+00	 4.39667E+00	 4.12889E+00	 3.62153E+00	 7.73336E+00
 4.64667E+00	 4.63717E+00	 5.12414E+00	 4.64147E+00	 6.88367E+00	 7.33164E+00	 6.02775E+00	 5.77655E+00	 6.87931E+00	 5.59523E+00	 5.25000E+00	 6.23609E+00	 4.26391E+00	 7.48786E+00	 5.68583E+00	 3.15982E+00	 4.34991E+00	 3.50000E+00	 4.62759E+00	 6.29854E+00	 6.00000E+00	 4.65706E+00	 4.36113E+00	 5.76664E+00	 5.59559E+00	 4.41696E+00	 5.11633E+00	 6.58164E+00	 4.81954E+00	 5.44001E+00	 5.45560E+00	 4.69108E+00	 4.76784E+00	 5.94856E+00	 5.57968E+00	 5.11113E+00	 5.56839E+00	 4.41486E+00	 4.02561E+00	 5.46531E+00	 5.41676E+00	 5.74711E+00	 6.48450E+00	 6.16150E+00	 5.05821E+00	 5.23802E+00	 5.13887E+00	 4.85086E+00	 4.03323E+00	 4.95560E+00	 4.66484E+00	 6.13869E+00	 4.89499E+00	 6.58338E+00	 5.80373E+00	 4.50000E+00	 6.26214E+00	 4.88401E+00	 6.25693E+00	 5.25000E+00	 5.78999E+00
 5.85679E+00	 4.17637E+00	 5.86805E+00	 5.78815E+00	 5.28999E+00	 5.85593E+00	 5.87629E+00	 6.44437E+00	 6.67337E+00	 6.94001E+00	 5.45666E+00	 7.39254E+00	 4.70065E+00	 5.03999E+00	 4.97497E+00	 3.89927E+00	 3.77125E+00	 4.45785E+00	 6.71531E+00	 5.03824E+00	 6.56417E+00	 5.56764E+00	 6.47225E+00	 6.72572E+00	 4.99655E+00	 6.45491E+00	 5.50000E+00	 4.65187E+00	 5.74307E+00	 5.99067E+00	 5.43757E+00	 4.03824E+00	 4.75000E+00	 4.25000E+00	 5.06417E+00	 5.25000E+00	 5.25697E+00	 5.20666E+00	 5.36373E+00	 7.13627E+00	 4.27561E+00	 4.68423E+00	 5.57629E+00	 5.92371E+00	 4.11996E+00	 5.42367E+00	 5.72360E+00	 3.25000E+00	 4.47117E+00	 5.35414E+00	 4.65187E+00	 5.89147E+00	 4.31589E+00	 5.87847E+00	 5.34042E+00	 6.33672E+00	 4.94210E+00	 5.25000E+00	 5.02781E+00	 5.98266E+00	 5.83338E+00
 5.67677E+00	 4.50000E+00	 6.91818E+00	 5.46531E+00	 4.88456E+00	 5.25000E+00	 6.68498E+00	 4.50000E+00	 5.24634E+00	 5.79334E+00	 5.08669E+00	 4.81243E+00	 6.30203E+00	 7.00000E+00	 5.25348E+00	 6.57558E+00	 5.60853E+00	 4.08486E+00	 6.61893E+00	 5.91150E+00	 7.10853E+00	 7.31315E+00	 6.00000E+00	 4.36283E+00	 4.50348E+00	 4.00000E+00	 4.27433E+00	 5.38717E+00	 4.89238E+00	 5.05373E+00	 4.89760E+00	 4.94997E+00	 5.12935E+00	 5.89673E+00	 5.50000E+00	 6.10414E+00	 5.34884E+00	 5.92337E+00	 6.72045E+00	 5.19737E+00	 4.30043E+00	 4.85086E+00	 4.71017E+00	 5.19281E+00	 5.44281E+00	 4.53338E+00	 4.21574E+00	 4.34042E+00	 3.65965E+00	 4.86283E+00	 5.64667E+00	 4.75000E+00	 5.03338E+00	 4.73356E+00	 5.76912E+00	 4.41284E+00	 5.83338E+00	 5.36875E+00	 5.50869E+00	 4.14407E+00	 4.64499E+00
 6.60853E+00	 5.50000E+00	 6.35439E+00	 6.87167E+00	 5.99221E+00	 4.56979E+00	 5.15965E+00	 5.14760E+00	 5.42899E+00	 5.19590E+00	 4.36846E+00	 5.87241E+00	 6.83338E+00	 5.43556E+00	 4.75108E+00	 5.19887E+00	 5.29334E+00	 4.80269E+00	 6.28507E+00	 5.64407E+00	 8.03815E+00	 6.94435E+00	 4.97745E+00	 5.97745E+00	 6.15368E+00	 5.25000E+00	 5.52775E+00	 5.62153E+00	 6.28999E+00	 4.90187E+00	 4.28999E+00	 3.85679E+00	 5.22843E+00	 5.10430E+00	 5.10430E+00	 5.35333E+00	 5.27433E+00	 4.91851E+00	 5.33669E+00	 4.69001E+00	 5.68222E+00	 4.71185E+00	 4.56412E+00	 4.27231E+00	 5.89667E+00	 5.00000E+00	 6.00000E+00	 4.68222E+00	 4.06039E+00	 4.50798E+00	 5.61996E+00	 5.15995E+00	 5.00697E+00	 4.99655E+00	 4.05892E+00	 5.20304E+00	 4.65882E+00	 5.15982E+00	 5.87067E+00	 5.64586E+00	 5.50000E+00
 5.97896E+00	 6.33416E+00	 8.25000E+00	 6.07629E+00	 7.60333E+00	 5.43947E+00	 5.51015E+00	 7.00851E+00	 6.60593E+00	 5.18161E+00	 4.97745E+00	 4.39673E+00	 5.85593E+00	 6.27433E+00	 5.89147E+00	 4.14469E+00	 5.36896E+00	 6.20848E+00	 6.62326E+00	 5.24310E+00	 4.89673E+00	 4.39673E+00	 5.80892E+00	 6.00000E+00	 7.63977E+00	 7.05043E+00	 5.20260E+00	 5.79482E+00	 5.64586E+00	 3.73336E+00	 5.79115E+00	 5.36113E+00	 4.90446E+00	 5.41484E+00	 5.72745E+00	 7.05219E+00	 6.40292E+00	 6.88887E+00	 5.49452E+00	 3.80043E+00	 4.83880E+00	 6.03507E+00	 6.36893E+00	 6.37065E+00	 6.00000E+00	 6.20146E+00	 6.91932E+00	 6.00000E+00	 6.03815E+00	 5.24655E+00	 5.82997E+00	 5.65965E+00	 5.56930E+00	 6.47225E+00	 5.63556E+00	 6.40116E+00	 6.09042E+00	 6.31778E+00	 7.27964E+00	 5.88195E+00	 6.21339E+00
 4.80269E+00	 6.82285E+00	 8.80003E+00	 7.50000E+00	 7.64321E+00	 5.45666E+00	 6.09554E+00	 5.28661E+00	 6.17113E+00	 8.94781E+00	 7.84005E+00	 5.24652E+00	 8.00968E+00	 6.42899E+00	 5.28295E+00	 6.06778E+00	 6.41743E+00	 5.25518E+00	 5.18498E+00	 5.78988E+00	 6.54263E+00	 6.53507E+00	 6.14147E+00	 6.15192E+00	 5.03637E+00	 5.48692E+00	 7.39959E+00	 5.87356E+00	 6.30563E+00	 6.47089E+00	 8.15368E+00	 6.12241E+00	 5.90368E+00	 7.74067E+00	 5.32997E+00	 5.13456E+00	 6.11373E+00	 4.92715E+00	 4.43038E+00	 4.65995E+00	 4.63540E+00	 5.49740E+00	 5.91067E+00	 6.25348E+00	 5.68264E+00	 4.87847E+00	 5.62153E+00	 5.35853E+00	 5.90368E+00	 6.51198E+00	 6.96531E+00	 5.28815E+00	 8.14407E+00	 6.31778E+00	 5.74149E+00	 4.86373E+00	 5.44735E+00	 5.34005E+00	 5.00000E+00	 5.79609E+00	 6.63003E+00
 7.41676E+00	 8.48613E+00	 6.97745E+00	 6.53295E+00	 6.17002E+00	 7.09708E+00	 6.91662E+00	 7.09118E+00	 6.25000E+00	 5.83669E+00	 6.15535E+00	 6.32285E+00	 5.37241E+00	 7.16877E+00	 7.25348E+00	 8.69797E+00	 5.35073E+00	 6.89586E+00	 5.77231E+00	 4.85041E+00	 6.21705E+00	 6.38221E+00	 5.55219E+00	 6.81778E+00	 7.54440E+00	 4.88456E+00	 5.54027E+00	 5.80043E+00	 7.58338E+00	 5.34899E+00	 7.61633E+00	 7.12153E+00	 5.07558E+00	 1.20276E+01	 7.10746E+00	 8.91749E+00	 5.72117E+00	 4.65192E+00	 4.50000E+00	 4.95260E+00	 6.29935E+00	 5.20287E+00	 5.26912E+00	 7.31589E+00	 7.59884E+00	 5.75000E+00	 8.29263E+00	 6.68411E+00	 5.76340E+00	 4.75000E+00	 6.48802E+00	 6.21531E+00	 8.71358E+00	 9.61805E+00	 8.25000E+00	 7.10333E+00	 4.91150E+00	 5.61893E+00	 4.40446E+00	 4.03477E+00	 5.60333E+00
 6.26664E+00	 7.02955E+00	 7.25863E+00	 6.11893E+00	 6.34632E+00	 7.39667E+00	 8.87356E+00	 9.30208E+00	 8.41474E+00	 7.60240E+00	 6.74655E+00	 7.98993E+00	 6.23417E+00	 6.51214E+00	 7.09294E+00	 6.26299E+00	 7.25000E+00	 7.12153E+00	 6.72896E+00	 6.08850E+00	 4.79440E+00	 6.98609E+00	 5.89994E+00	 5.14238E+00	 6.45560E+00	 6.75000E+00	 8.59884E+00	 6.13977E+00	 7.36460E+00	 6.47745E+00	 8.01391E+00	 6.05892E+00	 5.84118E+00	 7.11113E+00	 7.77964E+00	 6.24307E+00	 6.75000E+00	 6.39927E+00	 5.44472E+00	 5.79854E+00	 6.91851E+00	 6.95146E+00	 6.20560E+00	 6.33669E+00	 6.65804E+00	 5.82300E+00	 4.83416E+00	 6.85679E+00	 6.90292E+00	 5.13977E+00	 5.46705E+00	 5.50000E+00	 6.77955E+00	 6.61444E+00	 8.69437E+00	 7.25173E+00	 6.14147E+00	 6.25000E+00	 5.00000E+00	 5.52781E+00	 6.29509E+00
 5.71017E+00	 6.38887E+00	 6.15535E+00	 5.84465E+00	 6.42406E+00	 6.50869E+00	 9.05999E+00	 9.29854E+00	 1.00555E+01	 7.63977E+00	 7.86785E+00	 6.09708E+00	 5.60073E+00	 7.18222E+00	 6.37241E+00	 6.13540E+00	 6.05373E+00	 5.83338E+00	 6.26912E+00	 7.38887E+00	 5.67261E+00	 5.75000E+00	 4.93423E+00	 4.85537E+00	 9.50000E+00	 1.30037E+01	 1.04442E+01	 7.51387E+00	 6.94451E+00	 8.00000E+00	 5.89321E+00	 6.29115E+00	 6.75000E+00	 6.16331E+00	 4.63717E+00	 6.40292E+00	 6.50000E+00	 5.38540E+00	 4.83338E+00	 6.36544E+00	 4.50108E+00	 6.25000E+00	 7.75933E+00	 6.00000E+00	 6.37935E+00	 6.31417E+00	 5.85012E+00	 6.34294E+00	 5.72843E+00	 5.38804E+00	 5.08180E+00	 6.19001E+00	 6.10333E+00	 6.10086E+00	 6.89407E+00	 5.50000E+00	 5.46531E+00	 6.94797E+00	 7.03978E+00	 9.75000E+00	 9.00000E+00
 5.87356E+00	 6.57998E+00	 4.63562E+00	 5.01664E+00	 6.59991E+00	 5.50000E+00	 6.37586E+00	 7.00000E+00	 5.87153E+00	 5.38887E+00	 4.60679E+00	 5.49446E+00	 5.75869E+00	 5.82558E+00	 5.88562E+00	 4.91129E+00	 4.66762E+00	 4.67002E+00	 6.60333E+00	 8.50000E+00	 5.04521E+00	 4.21192E+00	 5.42113E+00	 6.00000E+00	 7.04854E+00	 9.09024E+00	 9.25000E+00	 7.75000E+00	 5.49652E+00	 6.88627E+00	 6.42261E+00	 6.58865E+00	 6.50000E+00	 5.88887E+00	 6.11113E+00	 5.93236E+00	 5.76096E+00	 6.37847E+00	 5.25693E+00	 5.04521E+00	 6.25000E+00	 5.94437E+00	 7.19437E+00	 5.19781E+00	 6.90292E+00	 4.73266E+00	 5.42779E+00	 6.38367E+00	 5.98336E+00	 6.35593E+00	 6.67371E+00	 5.22986E+00	 7.91331E+00	 5.66932E+00	 5.50000E+00	 7.32629E+00	 5.86893E+00	 5.28999E+00	 6.86460E+00	 8.07629E+00	 8.20172E+00
 5.75000E+00	 6.15965E+00	 6.07300E+00	 4.85637E+00	 6.23674E+00	 7.01214E+00	 6.64586E+00	 7.26391E+00	 6.14254E+00	 5.15976E+00	 5.84899E+00	 5.75000E+00	 6.21531E+00	 6.40292E+00	 5.85073E+00	 5.30219E+00	 6.42371E+00	 6.05219E+00	 8.50000E+00	 6.25000E+00	 6.84465E+00	 4.84226E+00	 6.00000E+00	 5.63887E+00	 7.59899E+00	 6.48266E+00	 5.86893E+00	 4.41150E+00	 4.86724E+00	 5.35073E+00	 7.50000E+00	 7.49032E+00	 8.80203E+00	 1.01241E+01	 7.03999E+00	 4.64760E+00	 4.88804E+00	 5.63321E+00	 5.79609E+00	 5.20065E+00	 6.15187E+00	 6.00000E+00	 6.01739E+00	 5.44997E+00	 5.75000E+00	 5.01391E+00	 8.18411E+00	 6.44983E+00	 6.78677E+00	 5.13540E+00	 6.12241E+00	 5.98802E+00	 5.98786E+00	 6.20334E+00	 6.99149E+00	 6.87414E+00	 6.25000E+00	 6.02964E+00	 5.76393E+00	 5.36460E+00	 7.65022E+00
 6.10853E+00	 5.75000E+00	 6.19437E+00	 5.72117E+00	 4.78295E+00	 7.50000E+00	 5.36373E+00	 4.55373E+00	 5.75000E+00	 6.51391E+00	 5.48786E+00	 6.88887E+00	 8.50000E+00	 7.12935E+00	 6.69192E+00	 6.57648E+00	 6.66331E+00	 6.21705E+00	 5.76664E+00	 5.06954E+00	 8.22225E+00	 6.75000E+00	 5.06778E+00	 5.35333E+00	 6.35762E+00	 6.29521E+00	 5.12153E+00	 6.25693E+00	 6.81764E+00	 5.09523E+00	 6.04988E+00	 7.91328E+00	 7.11893E+00	 5.76734E+00	 5.64570E+00	 5.62661E+00	 6.64806E+00	 5.56589E+00	 6.75000E+00	 6.56863E+00	 5.68236E+00	 5.67371E+00	 6.04334E+00	 6.20666E+00	 5.60274E+00	 6.32997E+00	 6.86996E+00	 5.53999E+00	 6.26214E+00	 6.37241E+00	 5.59977E+00	 5.08865E+00	 5.69451E+00	 7.05999E+00	 5.39499E+00	 5.13804E+00	 6.48266E+00	 7.00000E+00	 4.66570E+00	 4.50000E+00	 5.94781E+00
 5.46531E+00	 5.60679E+00	 7.13627E+00	 4.99985E+00	 5.93685E+00	 6.30796E+00	 6.18236E+00	 6.17715E+00	 6.50000E+00	 7.36896E+00	 5.94797E+00	 5.14469E+00	 6.54263E+00	 5.78477E+00	 5.43411E+00	 5.47330E+00	 6.44797E+00	 5.50000E+00	 4.00000E+00	 4.44997E+00	 6.72225E+00	 5.40995E+00	 6.24827E+00	 4.25000E+00	 5.39927E+00	 7.08669E+00	 5.88371E+00	 5.63719E+00	 5.61460E+00	 5.65965E+00	 8.00000E+00	 5.55999E+00	 4.51414E+00	 5.67715E+00	 4.56954E+00	 6.66932E+00	 6.00000E+00	 5.45479E+00	 5.80373E+00	 4.66676E+00	 6.07663E+00	 6.96531E+00	 5.88540E+00	 6.00697E+00	 7.15237E+00	 7.01664E+00	 5.53999E+00	 4.96358E+00	 7.77964E+00	 7.40022E+00	 6.64499E+00	 5.32558E+00	 7.70146E+00	 6.88717E+00	 8.01734E+00	 7.15101E+00	 6.14927E+00	 4.65519E+00	 6.22117E+00	 6.17002E+00	 5.08703E+00
 6.17261E+00	 5.13195E+00	 6.87823E+00	 7.88556E+00	 6.19108E+00	 6.89321E+00	 5.46103E+00	 6.68411E+00	 6.36113E+00	 6.75000E+00	 7.65101E+00	 6.16836E+00	 5.18498E+00	 7.08338E+00	 6.50000E+00	 6.02955E+00	 6.48802E+00	 6.63221E+00	 5.02888E+00	 7.37414E+00	 6.25000E+00	 6.40283E+00	 5.56611E+00	 8.04209E+00	 6.71531E+00	 6.17715E+00	 7.00000E+00	 7.75000E+00	 7.33251E+00	 8.82558E+00	 4.86821E+00	 5.33338E+00	 5.66331E+00	 4.45737E+00	 6.50000E+00	 6.70146E+00	 7.00000E+00	 5.44281E+00	 4.76391E+00	 6.00968E+00	 6.63371E+00	 7.52775E+00	 7.55043E+00	 5.21632E+00	 7.08251E+00	 4.95547E+00	 6.50000E+00	 7.38717E+00	 4.70547E+00	 7.80585E+00	 6.20148E+00	 6.87241E+00	 6.38804E+00	 6.43583E+00	 5.47920E+00	 6.25000E+00	 7.25000E+00	 7.18236E+00	 6.11373E+00	 5.19887E+00	 8.50000E+00
 7.49827E+00	 4.88719E+00	 6.34226E+00	 6.10679E+00	 7.11373E+00	 9.90535E+00	 6.25000E+00	 7.24307E+00	 7.63887E+00	 7.20146E+00	 6.51579E+00	 5.91836E+00	 8.00000E+00	 6.39586E+00	 7.45737E+00	 5.44590E+00	 8.25000E+00	 7.43583E+00	 7.40101E+00	 7.68556E+00	 5.40446E+00	 5.33430E+00	 5.75173E+00	 6.30563E+00	 6.69108E+00	 5.68411E+00	 8.74669E+00	 7.40116E+00	 7.27428E+00	 5.40982E+00	 7.63371E+00	 5.84042E+00	 6.63901E+00	 5.74482E+00	 6.38556E+00	 6.47572E+00	 4.78824E+00	 5.96017E+00	 5.76214E+00	 5.13540E+00	 5.25000E+00	 6.58338E+00	 7.56778E+00	 7.22117E+00	 5.69451E+00	 7.64667E+00	 5.39147E+00	 6.03696E+00	 6.25000E+00	 5.77433E+00	 6.22843E+00	 6.04440E+00	 5.05373E+00	 7.12586E+00	 7.66331E+00	 5.61373E+00	 6.66791E+00	 7.36805E+00	 5.42002E+00	 5.25345E+00	 7.08669E+00
 7.10853E+00	 6.35767E+00	 8.54263E+00	 5.31430E+00	 6.51045E+00	 7.47986E+00	 5.38367E+00	 6.75173E+00	 5.37356E+00	 6.41484E+00	 5.83338E+00	 8.86908E+00	 6.36821E+00	 6.13195E+00	 8.37847E+00	 5.53295E+00	 6.45666E+00	 6.50366E+00	 7.51045E+00	 9.50000E+00	 5.66932E+00	 6.80373E+00	 6.21705E+00	 6.09687E+00	 5.93222E+00	 8.14673E+00	 6.25108E+00	 7.34884E+00	 8.80203E+00	 1.02944E+01	 7.44797E+00	 7.37069E+00	 5.42520E+00	 5.27354E+00	 6.24452E+00	 4.68757E+00	 7.41818E+00	 5.36896E+00	 5.38804E+00	 6.71531E+00	 6.06589E+00	 5.89147E+00	 6.25348E+00	 5.72920E+00	 6.50884E+00	 6.95133E+00	 5.14238E+00	 6.82558E+00	 6.58865E+00	 7.30219E+00	 8.11531E+00	 7.08648E+00	 7.16045E+00	 7.25747E+00	 8.09465E+00	 6.75000E+00	 7.15101E+00	 6.75000E+00	 6.80563E+00	 6.88907E+00	 6.58338E+00
 5.75000E+00	 6.63804E+00	 5.39994E+00	 6.83338E+00	 7.12177E+00	 4.82997E+00	 5.86567E+00	 5.66743E+00	 6.27955E+00	 5.40446E+00	 6.98613E+00	 5.70861E+00	 6.46192E+00	 8.20146E+00	 7.62069E+00	 7.14267E+00	 6.04854E+00	 6.38195E+00	 7.97225E+00	 5.69735E+00	 6.43931E+00	 6.46185E+00	 6.86113E+00	 6.77775E+00	 6.31088E+00	 5.92442E+00	 6.68453E+00	 5.81039E+00	 8.53661E+00	 6.79854E+00	 6.97896E+00	 6.69108E+00	 7.55563E+00	 4.47262E+00	 7.65446E+00	 6.58669E+00	 6.10679E+00	 6.84899E+00	 6.62674E+00	 6.44437E+00	 5.87823E+00	 6.39994E+00	 1.10000E+01	 8.03295E+00	 6.38861E+00	 7.63367E+00	 5.75000E+00	 6.99307E+00	 6.45666E+00	 6.55999E+00	 5.81053E+00	 5.27911E+00	 4.03882E+00	 4.70146E+00	 5.50000E+00	 6.55999E+00	 6.84294E+00	 6.09465E+00	 5.11996E+00	 6.00000E+00	 5.14927E+00
 7.50000E+00	 6.50000E+00	 6.59813E+00	 6.50000E+00	 7.58516E+00	 8.35073E+00	 8.00968E+00	 6.59465E+00	 7.03815E+00	 4.67677E+00	 5.71705E+00	 4.61820E+00	 4.86896E+00	 6.36997E+00	 6.97572E+00	 5.61997E+00	 4.98692E+00	 6.37153E+00	 5.97920E+00	 5.72572E+00	 7.00000E+00	 6.86893E+00	 6.49827E+00	 6.89927E+00	 6.17367E+00	 5.95172E+00	 6.15544E+00	 7.28368E+00	 6.53999E+00	 4.72227E+00	 5.38887E+00	 6.09940E+00	 5.34813E+00	 6.18498E+00	 6.55373E+00	 5.46339E+00	 6.88719E+00	 5.76496E+00	 8.47572E+00	 6.34005E+00	 5.10853E+00	 4.91676E+00	 6.98266E+00	 9.06430E+00	 6.75000E+00	 5.89321E+00	 6.42677E+00	 7.13901E+00	 7.00000E+00	 5.57449E+00	 5.54334E+00	 6.49827E+00	 6.86724E+00	 6.73660E+00	 8.24307E+00	 8.74482E+00	 6.95145E+00	 5.71192E+00	 6.70491E+00	 7.52788E+00	 5.83338E+00
 8.53569E+00	 6.46531E+00	 6.07558E+00	 6.50933E+00	 7.61113E+00	 7.75000E+00	 9.57629E+00	 8.65965E+00	 8.26391E+00	 6.61875E+00	 4.84991E+00	 4.86893E+00	 6.35679E+00	 6.25000E+00	 6.79115E+00	 5.62847E+00	 4.50000E+00	 4.41514E+00	 4.39994E+00	 5.22153E+00	 6.00000E+00	 6.15976E+00	 6.44797E+00	 6.31430E+00	 9.44451E+00	 6.20666E+00	 6.00000E+00	 5.13804E+00	 5.52125E+00	 5.25000E+00	 5.36633E+00	 5.11460E+00	 4.87414E+00	 5.39499E+00	 5.74541E+00	 5.79209E+00	 5.86373E+00	 7.15101E+00	 5.86373E+00	 5.11997E+00	 6.74307E+00	 5.50000E+00	 7.20666E+00	 7.73692E+00	 7.61996E+00	 6.33669E+00	 4.98336E+00	 6.37414E+00	 5.89254E+00	 4.90982E+00	 6.45172E+00	 6.36373E+00	 7.13556E+00	 8.84742E+00	 8.16662E+00	 6.38572E+00	 6.56555E+00	 5.96705E+00	 5.59554E+00	 6.45560E+00	 7.15283E+00
 7.10593E+00	 6.77964E+00	 4.81778E+00	 4.34523E+00	 6.51734E+00	 7.88371E+00	 8.34465E+00	 1.02153E+01	 7.10593E+00	 5.92442E+00	 5.06589E+00	 4.63717E+00	 5.60853E+00	 5.75000E+00	 5.75000E+00	 6.25000E+00	 5.14238E+00	 5.30563E+00	 5.77788E+00	 6.59899E+00	 5.55043E+00	 5.38367E+00	 5.39760E+00	 5.50000E+00	 6.52955E+00	 5.53999E+00	 5.67715E+00	 6.25000E+00	 7.17371E+00	 5.74307E+00	 5.36460E+00	 5.88215E+00	 4.71471E+00	 5.43657E+00	 6.00000E+00	 6.01912E+00	 6.24149E+00	 6.02788E+00	 7.27788E+00	 6.16331E+00	 7.11633E+00	 8.13978E+00	 9.55999E+00	 6.89499E+00	 7.16514E+00	 6.74827E+00	 6.46339E+00	 5.63104E+00	 4.99131E+00	 5.98266E+00	 5.93411E+00	 6.16676E+00	 7.00000E+00	 7.25000E+00	 7.77433E+00	 4.58669E+00	 5.67202E+00	 6.83257E+00	 7.84118E+00	 5.71531E+00	 6.44797E+00
 5.54263E+00	 6.58251E+00	 5.46531E+00	 6.00000E+00	 6.25000E+00	 8.39570E+00	 8.77775E+00	 8.38627E+00	 6.59899E+00	 6.90101E+00	 4.47036E+00	 4.39667E+00	 6.86893E+00	 5.40805E+00	 5.06611E+00	 4.81611E+00	 7.38901E+00	 7.75014E+00	 6.88215E+00	 5.80892E+00	 6.04854E+00	 4.90965E+00	 5.39760E+00	 6.25000E+00	 5.23266E+00	 6.47745E+00	 6.14407E+00	 6.73786E+00	 7.75000E+00	 5.71531E+00	 4.68236E+00	 4.97745E+00	 4.77955E+00	 5.88215E+00	 4.90976E+00	 5.51391E+00	 6.60333E+00	 6.25000E+00	 5.50000E+00	 8.00000E+00	 6.09899E+00	 4.61373E+00	 5.60240E+00	 6.16749E+00	 5.71523E+00	 4.72769E+00	 5.34465E+00	 6.25000E+00	 5.40187E+00	 3.70785E+00	 4.27775E+00	 5.02014E+00	 4.80373E+00	 9.59465E+00	 8.01912E+00	 7.71531E+00	 6.25000E+00	 6.85333E+00	 6.14667E+00	 5.73701E+00	 6.03815E+00
 5.85439E+00	 5.10086E+00	 6.60333E+00	 5.14898E+00	 4.97219E+00	 4.00108E+00	 7.89147E+00	 7.74446E+00	 6.74446E+00	 6.12847E+00	 3.75789E+00	 4.98802E+00	 5.47986E+00	 7.11113E+00	 7.39147E+00	 6.29509E+00	 5.18137E+00	 4.24149E+00	 6.08251E+00	 5.38023E+00	 5.98786E+00	 4.82648E+00	 6.62241E+00	 5.20491E+00	 6.28146E+00	 6.25798E+00	 5.08251E+00	 6.50014E+00	 6.44627E+00	 6.00000E+00	 5.25000E+00	 5.86373E+00	 6.00000E+00	 6.23266E+00	 5.61724E+00	 5.57038E+00	 6.65446E+00	 7.54854E+00	 7.86893E+00	 6.84465E+00	 5.82558E+00	 6.22330E+00	 5.68588E+00	 5.60593E+00	 5.46192E+00	 7.86996E+00	 5.63717E+00	 6.40187E+00	 6.85593E+00	 7.37414E+00	 6.00000E+00	 5.28815E+00	 5.65706E+00	 5.30373E+00	 7.59813E+00	 5.62935E+00	 4.92715E+00	 6.46358E+00	 6.34708E+00	 5.05123E+00	 4.95082E+00
 5.90187E+00	 5.50000E+00	 6.46705E+00	 5.33716E+00	 5.76015E+00	 5.98613E+00	 5.14667E+00	 6.12153E+00	 5.72604E+00	 4.92280E+00	 5.64673E+00	 6.00000E+00	 6.60333E+00	 4.43425E+00	 5.25000E+00	 7.04521E+00	 5.26391E+00	 6.18236E+00	 5.68583E+00	 6.62241E+00	 5.98266E+00	 6.24307E+00	 6.36373E+00	 5.54826E+00	 5.33486E+00	 6.44887E+00	 6.69735E+00	 4.61460E+00	 5.82480E+00	 8.26387E+00	 5.12241E+00	 5.60566E+00	 6.24149E+00	 6.88562E+00	 6.37241E+00	 6.06611E+00	 4.66570E+00	 5.33164E+00	 4.92371E+00	 6.46705E+00	 7.13861E+00	 6.55765E+00	 5.05892E+00	 7.15187E+00	 6.51739E+00	 6.19797E+00	 7.19627E+00	 6.05954E+00	 6.85012E+00	 4.67371E+00	 5.25000E+00	 6.12153E+00	 7.13107E+00	 6.99452E+00	 3.86373E+00	 4.98613E+00	 7.60679E+00	 7.25000E+00	 6.70666E+00	 6.00000E+00	 6.64586E+00
 6.19627E+00	 7.64927E+00	 6.30043E+00	 6.75000E+00	 5.62823E+00	 8.60333E+00	 5.49307E+00	 4.63804E+00	 5.16514E+00	 5.09554E+00	 5.03824E+00	 6.12177E+00	 6.25366E+00	 5.64147E+00	 6.06764E+00	 8.13184E+00	 6.93190E+00	 5.58180E+00	 6.75000E+00	 4.61785E+00	 4.64499E+00	 6.36785E+00	 6.14499E+00	 6.33516E+00	 5.33141E+00	 5.40995E+00	 5.59884E+00	 5.64147E+00	 8.16328E+00	 8.90658E+00	 8.83164E+00	 9.60333E+00	 6.48609E+00	 7.00000E+00	 5.81412E+00	 5.52955E+00	 5.36875E+00	 4.67442E+00	 6.56764E+00	 5.63003E+00	 6.75366E+00	 6.36126E+00	 6.66676E+00	 9.10593E+00	 7.13977E+00	 4.54263E+00	 5.42032E+00	 6.05373E+00	 7.17371E+00	 6.65976E+00	 5.73088E+00	 6.96358E+00	 7.14927E+00	 7.34813E+00	 7.76496E+00	 9.69001E+00	 9.65936E+00	 9.73613E+00	 8.40706E+00	 6.37823E+00	 6.62823E+00
 6.25000E+00	 5.59813E+00	 6.25000E+00	 6.61893E+00	 6.88023E+00	 5.50000E+00	 6.02955E+00	 6.25000E+00	 4.50000E+00	 7.14254E+00	 4.96531E+00	 5.16225E+00	 7.19451E+00	 7.35333E+00	 6.02080E+00	 8.35853E+00	 6.97745E+00	 4.77612E+00	 8.32558E+00	 4.93038E+00	 6.17371E+00	 5.47572E+00	 8.54440E+00	 7.12674E+00	 6.56778E+00	 5.14147E+00	 5.61460E+00	 4.98266E+00	 8.82997E+00	 1.18889E+01	 1.00250E+01	 1.08093E+01	 9.29209E+00	 7.11633E+00	 6.25000E+00	 5.97572E+00	 6.15658E+00	 6.14499E+00	 4.25000E+00	 5.48674E+00	 7.47219E+00	 7.47225E+00	 7.31863E+00	 5.86373E+00	 7.99149E+00	 6.21192E+00	 5.75000E+00	 5.09465E+00	 5.58338E+00	 5.97227E+00	 6.44797E+00	 7.50000E+00	 8.65982E+00	 1.00000E+01	 1.11229E+01	 1.00137E+01	 1.17569E+01	 9.71185E+00	 8.79856E+00	 9.69451E+00	 5.76391E+00
 5.15446E+00	 7.83164E+00	 4.32090E+00	 5.52014E+00	 6.05269E+00	 5.93583E+00	 6.72278E+00	 5.86544E+00	 5.69451E+00	 4.42801E+00	 6.46185E+00	 4.84294E+00	 6.92996E+00	 8.91932E+00	 1.15955E+01	 9.29123E+00	 7.76391E+00	 7.05219E+00	 4.55736E+00	 6.33164E+00	 5.96531E+00	 5.98955E+00	 7.96531E+00	 6.09554E+00	 5.31954E+00	 6.58251E+00	 5.14667E+00	 7.06991E+00	 8.25548E+00	 8.25000E+00	 1.00872E+01	 1.10097E+01	 1.19827E+01	 7.92261E+00	 6.76734E+00	 7.22745E+00	 5.66095E+00	 4.53824E+00	 6.20174E+00	 5.71887E+00	 5.49137E+00	 1.15696E+01	 9.95737E+00	 7.61893E+00	 6.62370E+00	 4.59465E+00	 5.87655E+00	 3.99422E+00	 6.53529E+00	 6.40706E+00	 5.37356E+00	 8.26742E+00	 8.66484E+00	 8.94573E+00	 9.88978E+00	 1.03091E+01	 1.02223E+01	 7.91331E+00	 7.30563E+00	 7.07629E+00	 5.12241E+00
 5.89441E+00	 4.12241E+00	 5.36893E+00	 4.28477E+00	 5.73266E+00	 5.63627E+00	 4.50000E+00	 5.33416E+00	 5.41150E+00	 5.74655E+00	 5.33164E+00	 5.92261E+00	 1.02621E+01	 9.49067E+00	 9.67097E+00	 9.70146E+00	 1.08429E+01	 7.13861E+00	 4.91932E+00	 5.79696E+00	 5.38662E+00	 5.53477E+00	 6.50000E+00	 4.89407E+00	 5.63215E+00	 5.46531E+00	 5.84899E+00	 6.25000E+00	 6.45666E+00	 6.20848E+00	 7.11633E+00	 7.70560E+00	 5.36131E+00	 6.12177E+00	 5.12935E+00	 6.71531E+00	 7.69797E+00	 6.69451E+00	 5.24827E+00	 4.99310E+00	 5.84899E+00	 7.68128E+00	 6.92261E+00	 5.86820E+00	 5.68583E+00	 5.17261E+00	 4.98660E+00	 7.30892E+00	 6.13023E+00	 7.57997E+00	 5.41359E+00	 5.18264E+00	 6.79440E+00	 7.70491E+00	 7.28529E+00	 1.07167E+01	 7.15446E+00	 1.00947E+01	 7.23613E+00	 7.09884E+00	 5.50000E+00
 6.21531E+00	 6.11629E+00	 4.04854E+00	 4.22497E+00	 5.05892E+00	 5.09708E+00	 5.79854E+00	 4.48200E+00	 5.63562E+00	 5.12153E+00	 5.39667E+00	 3.84708E+00	 4.09708E+00	 6.67371E+00	 6.38195E+00	 6.77080E+00	 9.63107E+00	 6.90022E+00	 5.97769E+00	 6.22572E+00	 5.35679E+00	 4.28477E+00	 5.17371E+00	 5.31778E+00	 6.49655E+00	 5.01912E+00	 4.05892E+00	 5.77255E+00	 6.06863E+00	 6.59226E+00	 5.75000E+00	 6.63717E+00	 4.93583E+00	 6.31778E+00	 5.26391E+00	 5.20146E+00	 7.00000E+00	 4.72225E+00	 4.38556E+00	 4.09468E+00	 5.65116E+00	 5.82101E+00	 4.18556E+00	 5.38023E+00	 3.69192E+00	 5.63456E+00	 5.50000E+00	 5.47572E+00	 6.86893E+00	 6.62586E+00	 5.37326E+00	 5.94415E+00	 5.66662E+00	 6.71705E+00	 5.14927E+00	 5.64254E+00	 7.03824E+00	 9.26391E+00	 6.13804E+00	 5.27847E+00	 4.83338E+00
 5.08164E+00	 5.76664E+00	 4.70848E+00	 5.02433E+00	 5.50000E+00	 5.86633E+00	 4.54172E+00	 4.47497E+00	 4.16225E+00	 5.57133E+00	 4.84294E+00	 5.48786E+00	 3.75000E+00	 4.89147E+00	 6.35853E+00	 5.25000E+00	 7.25000E+00	 8.26664E+00	 4.68453E+00	 5.60274E+00	 5.86373E+00	 7.50000E+00	 4.15187E+00	 5.66067E+00	 5.09632E+00	 4.84523E+00	 3.96705E+00	 5.11460E+00	 5.19735E+00	 4.58180E+00	 4.74769E+00	 5.32558E+00	 4.63215E+00	 4.15368E+00	 5.50000E+00	 4.64407E+00	 4.80219E+00	 5.20848E+00	 5.50000E+00	 4.64586E+00	 5.40976E+00	 5.45666E+00	 5.16331E+00	 6.51664E+00	 4.89494E+00	 5.14760E+00	 5.17002E+00	 5.68046E+00	 5.75000E+00	 6.85679E+00	 5.22745E+00	 4.60853E+00	 4.66045E+00	 5.17779E+00	 4.12935E+00	 3.62935E+00	 4.57300E+00	 5.65292E+00	 5.72117E+00	 4.61113E+00	 4.61785E+00
 5.35767E+00	 5.62414E+00	 5.97572E+00	 5.98266E+00	 5.95334E+00	 5.80999E+00	 5.39254E+00	 5.69797E+00	 5.64499E+00	 4.97497E+00	 4.75000E+00	 4.08865E+00	 5.43411E+00	 6.36113E+00	 4.91120E+00	 5.29509E+00	 6.76007E+00	 4.98088E+00	 5.19192E+00	 6.45666E+00	 6.33669E+00	 5.80203E+00	 6.52775E+00	 5.40101E+00	 5.11785E+00	 6.21185E+00	 6.25000E+00	 5.50000E+00	 4.55373E+00	 4.66851E+00	 4.38977E+00	 4.42779E+00	 4.25000E+00	 4.00000E+00	 5.43877E+00	 5.34257E+00	 5.59899E+00	 5.23266E+00	 3.97896E+00	 4.55353E+00	 7.25331E+00	 6.44957E+00	 4.52433E+00	 6.64254E+00	 5.68070E+00	 4.75000E+00	 4.15022E+00	 5.41676E+00	 7.58880E+00	 5.43694E+00	 5.06863E+00	 5.38023E+00	 5.63456E+00	 5.94500E+00	 6.34899E+00	 5.21531E+00	 4.63144E+00	 4.52433E+00	 4.68583E+00	 3.74655E+00	 4.82998E+00
 5.35679E+00	 6.53815E+00	 3.69848E+00	 5.15995E+00	 9.27964E+00	 7.03824E+00	 6.86113E+00	 4.75000E+00	 5.71705E+00	 5.38023E+00	 4.36893E+00	 5.59294E+00	 6.35637E+00	 4.51443E+00	 6.06778E+00	 6.47383E+00	 4.85767E+00	 5.45260E+00	 5.05999E+00	 4.13371E+00	 5.24770E+00	 6.80043E+00	 5.52775E+00	 5.13887E+00	 5.00869E+00	 6.61373E+00	 5.35593E+00	 5.25000E+00	 4.81123E+00	 5.09708E+00	 5.69437E+00	 5.75000E+00	 5.88367E+00	 5.01912E+00	 5.77883E+00	 4.21574E+00	 5.62935E+00	 5.78477E+00	 5.00884E+00	 5.55232E+00	 5.33251E+00	 7.21705E+00	 5.62935E+00	 5.60333E+00	 6.54334E+00	 6.50000E+00	 6.09465E+00	 5.94627E+00	 5.25000E+00	 6.00000E+00	 5.72745E+00	 6.88107E+00	 6.71339E+00	 5.40446E+00	 5.34294E+00	 4.90368E+00	 5.60853E+00	 5.96595E+00	 7.05910E+00	 5.40446E+00	 4.02433E+00
 4.16676E+00	 7.19192E+00	 6.91932E+00	 6.50000E+00	 8.83865E+00	 6.61113E+00	 5.27104E+00	 4.87629E+00	 5.96339E+00	 7.86805E+00	 6.51414E+00	 5.85593E+00	 5.67002E+00	 4.10333E+00	 5.79854E+00	 5.50000E+00	 6.40882E+00	 7.24149E+00	 7.19108E+00	 4.82631E+00	 4.13693E+00	 5.84554E+00	 6.61629E+00	 7.10746E+00	 6.67442E+00	 5.87112E+00	 7.50000E+00	 6.50366E+00	 5.91696E+00	 3.61460E+00	 4.76664E+00	 4.20082E+00	 5.92779E+00	 5.78815E+00	 5.75000E+00	 4.67715E+00	 5.25000E+00	 6.06039E+00	 5.64927E+00	 5.36633E+00	 4.33669E+00	 5.52433E+00	 6.42442E+00	 6.58486E+00	 4.34185E+00	 5.33865E+00	 5.83338E+00	 4.93657E+00	 5.50000E+00	 5.02888E+00	 5.10779E+00	 5.25000E+00	 5.09118E+00	 7.36633E+00	 5.13367E+00	 7.99131E+00	 5.75173E+00	 4.36996E+00	 5.99149E+00	 4.38371E+00	 5.43498E+00
 5.62674E+00	 5.98266E+00	 5.60767E+00	 4.33338E+00	 6.11428E+00	 5.08164E+00	 4.09257E+00	 4.56954E+00	 7.04263E+00	 4.54172E+00	 4.82449E+00	 6.35333E+00	 4.55151E+00	 4.38684E+00	 6.77964E+00	 5.89586E+00	 4.76214E+00	 6.80219E+00	 5.63221E+00	 4.82997E+00	 5.25000E+00	 6.25000E+00	 4.74482E+00	 5.80219E+00	 4.71103E+00	 5.50000E+00	 4.63367E+00	 5.59899E+00	 6.65368E+00	 5.58338E+00	 5.75230E+00	 4.85073E+00	 7.12364E+00	 8.38804E+00	 4.85679E+00	 6.82558E+00	 6.91514E+00	 9.50000E+00	 7.61131E+00	 5.74770E+00	 5.08338E+00	 6.22604E+00	 3.89469E+00	 5.75798E+00	 5.15009E+00	 3.50968E+00	 5.19108E+00	 6.85593E+00	 4.56412E+00	 4.26214E+00	 5.63195E+00	 6.46358E+00	 5.48993E+00	 5.00000E+00	 4.22330E+00	 5.36023E+00	 5.63693E+00	 3.36322E+00	 4.84708E+00	 5.61373E+00	 4.73993E+00
 5.31778E+00	 5.53477E+00	 6.04172E+00	 6.65101E+00	 5.06088E+00	 6.16331E+00	 6.69001E+00	 4.25000E+00	 4.30563E+00	 4.50366E+00	 4.71632E+00	 4.21176E+00	 3.99827E+00	 6.75000E+00	 4.04696E+00	 5.09899E+00	 6.01734E+00	 6.22896E+00	 5.84465E+00	 6.63717E+00	 4.43583E+00	 4.93583E+00	 5.33164E+00	 3.87069E+00	 5.41514E+00	 6.80219E+00	 5.73993E+00	 5.50548E+00	 5.56863E+00	 5.60439E+00	 4.63717E+00	 6.59035E+00	 5.71705E+00	 5.10767E+00	 6.66514E+00	 4.63693E+00	 4.87544E+00	 6.25000E+00	 5.97572E+00	 6.00000E+00	 5.21705E+00	 4.81589E+00	 5.09899E+00	 6.85853E+00	 6.22572E+00	 6.01214E+00	 6.14673E+00	 5.69108E+00	 7.13901E+00	 4.36113E+00	 7.49927E+00	 7.21103E+00	 5.26288E+00	 5.60501E+00	 5.67442E+00	 4.88804E+00	 6.35679E+00	 6.23786E+00	 5.85593E+00	 5.29440E+00	 6.19451E+00
 4.64407E+00	 6.36283E+00	 5.87674E+00	 4.66225E+00	 5.81863E+00	 5.56778E+00	 4.28815E+00	 6.14321E+00	 4.88627E+00	 5.20491E+00	 5.18264E+00	 4.34899E+00	 4.28477E+00	 5.91331E+00	 4.96705E+00	 4.72206E+00	 5.81863E+00	 4.50000E+00	 5.37935E+00	 5.42637E+00	 5.63003E+00	 6.63556E+00	 8.04440E+00	 6.12888E+00	 5.42637E+00	 5.16225E+00	 6.00230E+00	 5.30626E+00	 6.49067E+00	 5.24307E+00	 6.01734E+00	 5.34899E+00	 3.78696E+00	 4.67371E+00	 4.82968E+00	 6.00000E+00	 6.50693E+00	 7.00000E+00	 6.50000E+00	 3.71339E+00	 5.38023E+00	 6.59118E+00	 4.75000E+00	 5.13371E+00	 4.67113E+00	 5.70146E+00	 6.40313E+00	 5.04891E+00	 6.15936E+00	 5.63861E+00	 6.47036E+00	 4.51664E+00	 6.22769E+00	 5.74310E+00	 6.36893E+00	 5.05999E+00	 5.00000E+00	 6.17032E+00	 6.50000E+00	 4.82968E+00	 5.46523E+00
 5.64499E+00	 4.54988E+00	 6.03926E+00	 4.87356E+00	 3.93556E+00	 5.57629E+00	 4.66120E+00	 4.50000E+00	 4.69627E+00	 4.72572E+00	 4.23786E+00	 4.44781E+00	 4.53952E+00	 4.95065E+00	 4.65022E+00	 5.70172E+00	 5.32798E+00	 4.60439E+00	 5.14499E+00	 3.50000E+00	 4.25000E+00	 4.34899E+00	 4.14499E+00	 5.26912E+00	 5.46531E+00	 6.05203E+00	 5.88977E+00	 4.14321E+00	 4.30373E+00	 3.71705E+00	 5.12759E+00	 5.87586E+00	 4.61996E+00	 4.08141E+00	 5.13977E+00	 3.46705E+00	 3.41225E+00	 4.88023E+00	 5.96358E+00	 4.30494E+00	 5.31375E+00	 5.20145E+00	 4.77433E+00	 4.38627E+00	 4.08164E+00	 4.72227E+00	 4.68384E+00	 3.57300E+00	 5.47572E+00	 5.27428E+00	 3.75000E+00	 4.50000E+00	 5.45491E+00	 5.85679E+00	 4.93498E+00	 4.06611E+00	 4.61893E+00	 5.88107E+00	 5.87414E+00	 5.60041E+00	 5.40101E+00
 4.67637E+00	 4.98266E+00	 6.39586E+00	 6.35073E+00	 5.99149E+00	 5.51391E+00	 4.14499E+00	 3.00000E+00	 3.72153E+00	 3.50000E+00	 3.64586E+00	 4.82133E+00	 3.39147E+00	 4.18297E+00	 4.00000E+00	 5.65455E+00	 4.81778E+00	 3.75000E+00	 4.64898E+00	 4.91225E+00	 6.00000E+00	 5.40965E+00	 6.21339E+00	 6.09554E+00	 4.10086E+00	 5.14407E+00	 4.62414E+00	 5.75000E+00	 5.99655E+00	 5.22920E+00	 4.60333E+00	 5.00000E+00	 4.65187E+00	 4.00000E+00	 4.75000E+00	 4.93070E+00	 5.06954E+00	 5.75000E+00	 3.57449E+00	 3.78477E+00	 4.64238E+00	 5.00000E+00	 4.50000E+00	 3.46833E+00	 3.12414E+00	 4.11633E+00	 4.38887E+00	 4.68297E+00	 6.50000E+00	 7.66770E+00	 5.35679E+00	 5.64586E+00	 5.98613E+00	 4.08180E+00	 5.55219E+00	 5.74307E+00	 4.06641E+00	 4.66328E+00	 5.17371E+00	 6.46705E+00	 4.34465E+00
 4.40292E+00	 5.50000E+00	 6.00000E+00	 6.27255E+00	 9.13540E+00	 5.54334E+00	 4.26784E+00	 4.72572E+00	 4.73266E+00	 4.49827E+00	 4.80219E+00	 3.35439E+00	 3.68280E+00	 4.39586E+00	 4.76734E+00	 5.63367E+00	 3.61594E+00	 6.16662E+00	 6.49131E+00	 7.39238E+00	 8.89238E+00	 9.35679E+00	 7.61126E+00	 4.59380E+00	 5.58251E+00	 5.20666E+00	 4.75000E+00	 4.50000E+00	 4.01784E+00	 5.44046E+00	 7.50000E+00	 5.19797E+00	 4.43583E+00	 4.17280E+00	 4.40116E+00	 6.05999E+00	 5.88627E+00	 5.25000E+00	 4.57870E+00	 3.96595E+00	 4.51664E+00	 4.30999E+00	 3.66851E+00	 4.59813E+00	 5.28295E+00	 5.80373E+00	 4.29918E+00	 5.15283E+00	 5.85073E+00	 5.25000E+00	 6.34523E+00	 5.97117E+00	 4.07219E+00	 4.06930E+00	 4.81088E+00	 5.49307E+00	 2.95065E+00	 3.87241E+00	 3.99541E+00	 5.93236E+00	 4.95491E+00
 4.79440E+00	 5.60439E+00	 6.99452E+00	 6.44001E+00	 5.87847E+00	 4.87674E+00	 4.34465E+00	 5.02883E+00	 4.55765E+00	 4.63887E+00	 6.50000E+00	 4.12111E+00	 4.31014E+00	 5.50693E+00	 5.97745E+00	 4.86373E+00	 5.46001E+00	 5.10746E+00	 7.25693E+00	 9.27080E+00	 9.94924E+00	 1.21068E+01	 1.32075E+01	 1.29632E+01	 5.27354E+00	 4.09465E+00	 3.50000E+00	 4.00173E+00	 4.50000E+00	 4.61893E+00	 3.84750E+00	 6.15250E+00	 4.97036E+00	 5.18222E+00	 4.88977E+00	 4.21471E+00	 4.63977E+00	 4.99452E+00	 5.27955E+00	 4.31412E+00	 4.18236E+00	 4.46705E+00	 3.79854E+00	 4.60274E+00	 4.04696E+00	 4.44887E+00	 3.69737E+00	 5.21531E+00	 5.09899E+00	 4.84294E+00	 5.91484E+00	 5.67261E+00	 3.25000E+00	 4.89898E+00	 5.16973E+00	 5.55892E+00	 4.96705E+00	 4.56954E+00	 2.57968E+00	 5.30999E+00	 4.68070E+00
 6.00000E+00	 4.55494E+00	 5.35767E+00	 5.09118E+00	 4.09005E+00	 4.20538E+00	 4.66150E+00	 7.39594E+00	 6.39586E+00	 5.00000E+00	 4.30736E+00	 3.96192E+00	 5.69281E+00	 5.24310E+00	 5.29209E+00	 4.28146E+00	 3.31842E+00	 5.59005E+00	 9.06863E+00	 7.57449E+00	 1.05704E+01	 1.25319E+01	 1.76451E+01	 9.81641E+00	 8.50345E+00	 7.05892E+00	 4.94627E+00	 5.78295E+00	 5.00000E+00	 3.89586E+00	 4.83324E+00	 4.92442E+00	 4.88417E+00	 4.28529E+00	 5.06412E+00	 4.70512E+00	 4.14927E+00	 4.31123E+00	 3.15368E+00	 5.75000E+00	 4.39499E+00	 3.75000E+00	 5.07558E+00	 4.87414E+00	 3.92261E+00	 4.89407E+00	 4.08164E+00	 6.63107E+00	 5.75000E+00	 5.75173E+00	 5.54263E+00	 4.97225E+00	 6.10762E+00	 5.22572E+00	 5.11893E+00	 4.48786E+00	 4.75000E+00	 4.07449E+00	 4.75000E+00	 4.61373E+00	 4.50000E+00
 7.30219E+00	 5.76214E+00	 4.89407E+00	 4.65976E+00	 7.50108E+00	 4.87629E+00	 5.27775E+00	 4.25000E+00	 6.85073E+00	 6.34294E+00	 7.11373E+00	 5.52608E+00	 4.70065E+00	 4.51734E+00	 5.47896E+00	 6.73613E+00	 6.91331E+00	 4.48266E+00	 5.00000E+00	 5.64927E+00	 5.53999E+00	 9.33180E+00	 1.35688E+01	 8.85679E+00	 9.67002E+00	 8.00933E+00	 8.96431E+00	 4.90976E+00	 6.63556E+00	 3.83338E+00	 5.00000E+00	 4.71632E+00	 4.94590E+00	 5.09456E+00	 4.02255E+00	 4.62241E+00	 6.35240E+00	 5.75000E+00	 7.52428E+00	 3.68498E+00	 4.62326E+00	 5.85853E+00	 4.10593E+00	 4.25000E+00	 5.61196E+00	 4.75000E+00	 4.50000E+00	 4.03477E+00	 4.99827E+00	 5.20491E+00	 5.67261E+00	 4.67261E+00	 5.55999E+00	 5.54521E+00	 5.09042E+00	 3.63195E+00	 4.55765E+00	 5.00000E+00	 5.36977E+00	 4.37630E+00	 4.75851E+00
 3.87823E+00	 5.36583E+00	 5.47225E+00	 4.79521E+00	 4.63556E+00	 5.79918E+00	 6.05626E+00	 5.51734E+00	 8.56863E+00	 6.50000E+00	 6.00693E+00	 6.70623E+00	 7.84750E+00	 4.63456E+00	 6.86633E+00	 5.22643E+00	 4.84118E+00	 4.44073E+00	 6.91836E+00	 3.66590E+00	 6.88887E+00	 9.31631E+00	 1.08549E+01	 6.56055E+00	 9.87414E+00	 9.68757E+00	 5.38023E+00	 5.47745E+00	 4.55219E+00	 4.25000E+00	 6.50697E+00	 5.42281E+00	 4.62111E+00	 5.91225E+00	 5.08149E+00	 7.09554E+00	 5.00000E+00	 5.94472E+00	 5.16225E+00	 4.58257E+00	 4.55626E+00	 4.46358E+00	 4.98266E+00	 4.41284E+00	 5.00000E+00	 4.50000E+00	 4.63107E+00	 4.50000E+00	 3.81555E+00	 4.53938E+00	 6.21837E+00	 5.52775E+00	 4.40446E+00	 4.45666E+00	 5.00000E+00	 5.17344E+00	 4.66331E+00	 5.33669E+00	 4.37414E+00	 6.21358E+00	 5.86996E+00
 7.75777E+00	 6.35073E+00	 5.36307E+00	 5.75000E+00	 4.84899E+00	 5.40446E+00	 5.15882E+00	 6.26644E+00	 7.71339E+00	 7.34783E+00	 7.11893E+00	 7.85559E+00	 5.01391E+00	 7.35679E+00	 5.25000E+00	 3.50000E+00	 4.95560E+00	 3.33164E+00	 4.41331E+00	 3.95012E+00	 5.34294E+00	 6.74032E+00	 7.23458E+00	 6.71103E+00	 5.89147E+00	 9.81611E+00	 5.45146E+00	 4.37586E+00	 3.92622E+00	 6.41484E+00	 5.37895E+00	 5.72225E+00	 4.54115E+00	 4.70666E+00	 5.20547E+00	 5.71523E+00	 3.87069E+00	 4.40544E+00	 3.74655E+00	 4.16590E+00	 3.69108E+00	 5.50000E+00	 4.51496E+00	 4.66150E+00	 7.58027E+00	 6.00000E+00	 5.22896E+00	 6.08068E+00	 3.96311E+00	 7.14238E+00	 4.50000E+00	 4.65283E+00	 6.50000E+00	 4.99769E+00	 4.66484E+00	 5.47572E+00	 5.72920E+00	 4.82090E+00	 4.97330E+00	 5.22430E+00	 4.75000E+00
 4.22745E+00	 5.00000E+00	 4.53938E+00	 6.48266E+00	 4.71705E+00	 4.87176E+00	 6.69437E+00	 4.99067E+00	 6.63719E+00	 5.98613E+00	 4.82663E+00	 5.84465E+00	 5.86896E+00	 5.91676E+00	 4.08164E+00	 5.38456E+00	 5.50548E+00	 5.50000E+00	 5.43009E+00	 3.48266E+00	 4.10430E+00	 4.89238E+00	 4.37370E+00	 6.02775E+00	 4.60333E+00	 4.75869E+00	 3.68556E+00	 3.43453E+00	 4.89898E+00	 4.14147E+00	 5.20146E+00	 3.63107E+00	 3.18814E+00	 4.62674E+00	 4.72045E+00	 4.63004E+00	 5.15101E+00	 3.51734E+00	 5.49827E+00	 3.65965E+00	 5.15976E+00	 3.18498E+00	 5.09884E+00	 4.65706E+00	 4.60333E+00	 4.25000E+00	 5.03938E+00	 5.85679E+00	 4.25000E+00	 4.86977E+00	 5.25348E+00	 5.83257E+00	 4.25000E+00	 4.43411E+00	 4.65976E+00	 4.77670E+00	 5.33716E+00	 5.25348E+00	 4.44590E+00	 5.67551E+00	 5.13104E+00
 3.91332E+00	 5.05999E+00	 3.39697E+00	 4.01912E+00	 4.45260E+00	 5.54263E+00	 4.77433E+00	 4.97567E+00	 6.12065E+00	 8.88367E+00	 6.34899E+00	 6.12823E+00	 4.77080E+00	 6.86196E+00	 3.62153E+00	 3.40706E+00	 3.89927E+00	 3.82995E+00	 4.25000E+00	 4.13023E+00	 4.63023E+00	 5.68588E+00	 4.64238E+00	 5.57285E+00	 4.25000E+00	 4.77911E+00	 4.13717E+00	 5.65706E+00	 5.36893E+00	 4.68583E+00	 5.00000E+00	 4.25000E+00	 4.99652E+00	 4.08486E+00	 3.52231E+00	 4.88003E+00	 4.01214E+00	 4.38717E+00	 3.95785E+00	 3.63978E+00	 6.00000E+00	 5.34042E+00	 5.44451E+00	 4.75000E+00	 3.61113E+00	 3.70512E+00	 3.64760E+00	 3.58668E+00	 3.40936E+00	 4.25000E+00	 4.35439E+00	 3.86322E+00	 3.06842E+00	 3.16570E+00	 4.40283E+00	 3.91067E+00	 3.66067E+00	 3.93685E+00	 3.70560E+00	 4.76387E+00	 3.87935E+00
 3.83668E+00	 4.10086E+00	 3.85566E+00	 4.33516E+00	 4.42637E+00	 4.56589E+00	 4.34195E+00	 4.20146E+00	 4.62241E+00	 5.09899E+00	 4.58416E+00	 3.97330E+00	 4.36131E+00	 4.13627E+00	 4.14760E+00	 4.56055E+00	 5.16225E+00	 3.66851E+00	 4.09899E+00	 3.61633E+00	 3.98613E+00	 3.85679E+00	 5.25000E+00	 4.85679E+00	 5.71358E+00	 3.73786E+00	 3.61113E+00	 5.61997E+00	 6.30999E+00	 5.76326E+00	 4.52612E+00	 5.25000E+00	 4.13627E+00	 3.86633E+00	 4.05999E+00	 3.94001E+00	 4.25000E+00	 3.76340E+00	 4.52433E+00	 6.27964E+00	 5.15060E+00	 4.66129E+00	 3.57949E+00	 3.76784E+00	 4.30373E+00	 3.36581E+00	 5.21339E+00	 5.25000E+00	 6.15187E+00	 5.35086E+00	 4.20547E+00	 6.21339E+00	 6.00000E+00	 3.49769E+00	 4.75000E+00	 4.02104E+00	 4.30796E+00	 4.87414E+00	 3.71632E+00	 4.31088E+00	 3.46311E+00
 3.42261E+00	 5.50000E+00	 4.56863E+00	 4.26664E+00	 3.04867E+00	 4.02612E+00	 5.79263E+00	 4.18498E+00	 5.67261E+00	 4.28295E+00	 3.58486E+00	 3.66328E+00	 4.61460E+00	 3.67406E+00	 6.43038E+00	 2.85086E+00	 3.46048E+00	 4.32998E+00	 4.02104E+00	 4.30927E+00	 4.00108E+00	 5.15292E+00	 3.95848E+00	 3.35439E+00	 2.96048E+00	 3.93685E+00	 4.97225E+00	 3.77720E+00	 4.44108E+00	 5.21339E+00	 4.00230E+00	 4.50000E+00	 4.25000E+00	 4.25000E+00	 5.27679E+00	 3.89673E+00	 3.36893E+00	 3.25000E+00	 3.38367E+00	 3.87414E+00	 5.57739E+00	 4.76912E+00	 3.93161E+00	 4.47225E+00	 4.83338E+00	 3.76391E+00	 4.60501E+00	 3.75000E+00	 3.61996E+00	 4.26443E+00	 4.71531E+00	 4.75000E+00	 4.63627E+00	 4.84554E+00	 4.95491E+00	 4.11131E+00	 5.50000E+00	 5.60762E+00	 4.36893E+00	 4.30999E+00	 3.88978E+00
 3.55892E+00	 4.22036E+00	 4.47920E+00	 4.35767E+00	 4.37356E+00	 3.25697E+00	 4.00000E+00	 4.38804E+00	 3.59991E+00	 3.75000E+00	 4.29509E+00	 5.08669E+00	 5.43148E+00	 5.50000E+00	 5.99242E+00	 5.60073E+00	 3.84899E+00	 4.62847E+00	 3.59554E+00	 5.03295E+00	 4.58669E+00	 4.44627E+00	 3.91743E+00	 4.13367E+00	 4.48613E+00	 4.50000E+00	 4.00108E+00	 5.11322E+00	 4.04854E+00	 4.46192E+00	 4.23015E+00	 3.99067E+00	 3.39267E+00	 4.92280E+00	 3.81412E+00	 5.38887E+00	 4.18685E+00	 4.34042E+00	 3.86846E+00	 4.25000E+00	 3.91150E+00	 5.13107E+00	 5.23786E+00	 3.78815E+00	 6.16662E+00	 3.52911E+00	 3.67406E+00	 4.43264E+00	 4.81863E+00	 4.11373E+00	 4.00000E+00	 4.54609E+00	 4.70491E+00	 3.19001E+00	 3.42622E+00	 3.67002E+00	 4.87824E+00	 4.19001E+00	 5.62414E+00	 3.87241E+00	 5.59554E+00
 5.12414E+00	 4.32558E+00	 4.73266E+00	 5.36893E+00	 4.61893E+00	 4.15544E+00	 4.52572E+00	 4.37241E+00	 3.86103E+00	 3.44888E+00	 5.59118E+00	 5.17371E+00	 6.52433E+00	 5.75000E+00	 5.90101E+00	 6.22843E+00	 5.92580E+00	 6.91973E+00	 4.25000E+00	 6.00000E+00	 4.80113E+00	 5.02955E+00	 5.10679E+00	 4.65129E+00	 3.47416E+00	 3.00000E+00	 4.25000E+00	 4.36997E+00	 5.61567E+00	 3.47572E+00	 4.75000E+00	 3.53569E+00	 4.04918E+00	 4.85333E+00	 4.59708E+00	 4.09005E+00	 4.01292E+00	 4.25000E+00	 4.03696E+00	 4.71339E+00	 5.25000E+00	 6.34035E+00	 5.22330E+00	 6.39233E+00	 4.63540E+00	 5.46705E+00	 3.10073E+00	 4.00000E+00	 6.61373E+00	 4.99827E+00	 4.79521E+00	 4.81930E+00	 3.32995E+00	 4.65368E+00	 4.80736E+00	 4.00000E+00	 4.72416E+00	 4.28323E+00	 4.90060E+00	 4.77955E+00	 4.03295E+00
 3.82656E+00	 4.23993E+00	 6.21017E+00	 4.59708E+00	 4.38663E+00	 3.99307E+00	 3.85430E+00	 3.75366E+00	 4.82739E+00	 4.91851E+00	 4.95560E+00	 6.20133E+00	 4.88146E+00	 7.13406E+00	 6.22920E+00	 7.54854E+00	 6.87111E+00	 5.41129E+00	 5.21632E+00	 5.77955E+00	 4.25789E+00	 5.38933E+00	 4.75000E+00	 3.85501E+00	 5.25000E+00	 2.45463E+01	 2.98031E+02	 3.62586E+00	 3.92002E+00	 3.79263E+00	 3.76739E+00	 4.75000E+00	 4.35746E+00	 5.47036E+00	 3.90976E+00	 3.36113E+00	 5.32968E+00	 4.67032E+00	 5.95522E+00	 3.57558E+00	 3.70666E+00	 4.77883E+00	 5.24482E+00	 3.93236E+00	 4.76391E+00	 4.50000E+00	 3.91067E+00	 4.83338E+00	 5.50000E+00	 3.39927E+00	 5.23266E+00	 3.81778E+00	 4.01839E+00	 4.50000E+00	 5.96523E+00	 4.19200E+00	 4.31589E+00	 4.01391E+00	 7.25000E+00	 4.17096E+00	 5.71705E+00
 4.93694E+00	 4.71705E+00	 6.89238E+00	 2.88144E+00	 4.55954E+00	 5.33514E+00	 3.13887E+00	 3.13215E+00	 3.28477E+00	 4.27955E+00	 5.63447E+00	 6.94192E+00	 7.19379E+00	 1.17465E+01	 8.33338E+00	 6.84899E+00	 6.01326E+00	 5.13627E+00	 5.38107E+00	 4.48786E+00	 4.30999E+00	 3.35679E+00	 4.22943E+00	 3.94590E+00	 5.75000E+00	 3.81055E+00	 4.01109E+00	 4.50000E+00	 3.59042E+00	 4.64321E+00	 5.12139E+00	 4.08850E+00	 4.00000E+00	 3.96401E+00	 4.50000E+00	 4.44500E+00	 5.85073E+00	 3.66743E+00	 4.37153E+00	 5.06589E+00	 3.82134E+00	 4.89254E+00	 5.60593E+00	 5.73266E+00	 4.51214E+00	 5.39697E+00	 5.43009E+00	 4.67002E+00	 4.59005E+00	 4.76734E+00	 3.94281E+00	 5.39499E+00	 5.16762E+00	 4.22572E+00	 4.01007E+00	 2.92002E+00	 2.86893E+00	 3.31842E+00	 6.42375E+00	 8.06069E+00	 9.43046E+00
 3.35853E+00	 4.12348E+00	 3.26734E+00	 3.57629E+00	 4.44627E+00	 3.29740E+00	 4.71558E+00	 4.31555E+00	 4.95146E+00	 2.62674E+00	 4.00000E+00	 3.45595E+00	 4.39994E+00	 5.53983E+00	 5.17115E+00	 5.69166E+00	 4.71662E+00	 6.35333E+00	 4.72225E+00	 4.25000E+00	 3.59813E+00	 4.00000E+00	 4.89147E+00	 4.63887E+00	 2.82601E+00	 4.37241E+00	 4.36594E+00	 4.18556E+00	 4.56412E+00	 5.12935E+00	 3.84742E+00	 4.37414E+00	 3.74985E+00	 3.97416E+00	 3.89180E+00	 3.39499E+00	 4.88419E+00	 6.11893E+00	 4.25000E+00	 4.23609E+00	 4.76391E+00	 4.34787E+00	 5.84042E+00	 4.15774E+00	 4.47572E+00	 4.87414E+00	 4.45174E+00	 5.88371E+00	 4.61544E+00	 4.56872E+00	 4.70012E+00	 4.66225E+00	 5.18423E+00	 3.50000E+00	 5.05999E+00	 3.94888E+00	 4.09118E+00	 4.75000E+00	 6.45203E+00	 6.80892E+00	 8.97843E+00
 3.90965E+00	 5.04509E+00	 4.75173E+00	 5.00173E+00	 4.38897E+00	 3.00000E+00	 2.75000E+00	 2.96837E+00	 3.85333E+00	 3.96705E+00	 3.67715E+00	 3.12113E+00	 3.54867E+00	 4.75933E+00	 3.88022E+00	 3.70623E+00	 4.75000E+00	 6.88107E+00	 3.92637E+00	 4.98786E+00	 3.43588E+00	 3.66067E+00	 4.85333E+00	 3.75000E+00	 3.81412E+00	 4.23266E+00	 4.98266E+00	 4.25000E+00	 4.08516E+00	 4.25869E+00	 3.51739E+00	 3.91359E+00	 3.59118E+00	 4.02125E+00	 4.15313E+00	 4.47969E+00	 4.14494E+00	 3.77561E+00	 3.49827E+00	 5.37241E+00	 6.06611E+00	 3.55927E+00	 4.10073E+00	 4.69451E+00	 5.10041E+00	 6.23786E+00	 4.12414E+00	 3.64499E+00	 4.27255E+00	 4.40444E+00	 3.56954E+00	 3.80427E+00	 4.97100E+00	 3.33180E+00	 3.50000E+00	 3.75000E+00	 4.17280E+00	 5.92442E+00	 4.32656E+00	 6.11679E+00	 6.66836E+00
 4.62931E+00	 4.55808E+00	 3.57720E+00	 3.54509E+00	 3.66749E+00	 4.49634E+00	 2.94073E+00	 2.65519E+00	 4.10679E+00	 3.73613E+00	 2.67002E+00	 2.91045E+00	 3.96915E+00	 4.25000E+00	 3.62112E+00	 3.43297E+00	 3.20785E+00	 3.19500E+00	 4.23993E+00	 5.15187E+00	 5.25693E+00	 5.12153E+00	 4.17715E+00	 4.46531E+00	 3.37241E+00	 5.80563E+00	 3.89238E+00	 3.37153E+00	 4.13367E+00	 4.53295E+00	 4.93411E+00	 4.24669E+00	 2.92096E+00	 4.77955E+00	 4.27955E+00	 4.24634E+00	 4.10073E+00	 4.39586E+00	 4.63195E+00	 6.13107E+00	 4.86893E+00	 4.63023E+00	 3.71185E+00	 3.87348E+00	 4.05043E+00	 3.65965E+00	 4.71185E+00	 3.61567E+00	 4.62847E+00	 3.64667E+00	 4.25000E+00	 5.69887E+00	 4.45522E+00	 4.34465E+00	 5.09899E+00	 4.38717E+00	 4.12167E+00	 5.02720E+00	 5.41676E+00	 4.96531E+00	 7.08164E+00
 4.12674E+00	 5.11460E+00	 4.74307E+00	 4.36131E+00	 3.56055E+00	 3.60679E+00	 6.34813E+00	 3.00000E+00	 4.25000E+00	 3.49827E+00	 3.86633E+00	 3.60593E+00	 2.85798E+00	 4.25000E+00	 5.96705E+00	 4.02883E+00	 3.87112E+00	 5.27255E+00	 5.36373E+00	 3.63195E+00	 4.04440E+00	 5.62759E+00	 3.11594E+00	 4.25000E+00	 4.59813E+00	 4.42367E+00	 4.63717E+00	 4.68588E+00	 2.58703E+00	 4.09257E+00	 4.11893E+00	 4.17375E+00	 3.75000E+00	 4.13107E+00	 4.14321E+00	 4.37414E+00	 3.49827E+00	 3.64238E+00	 4.14499E+00	 3.89499E+00	 4.28999E+00	 4.35593E+00	 3.75000E+00	 3.62414E+00	 3.45174E+00	 3.66150E+00	 3.62153E+00	 3.71185E+00	 3.77781E+00	 3.43411E+00	 3.21192E+00	 3.85430E+00	 4.86139E+00	 4.24655E+00	 3.16045E+00	 3.39927E+00	 4.38887E+00	 4.01739E+00	 4.47225E+00	 2.92261E+00	 4.23216E+00
 3.46192E+00	 3.42261E+00	 3.94735E+00	 4.75000E+00	 4.25697E+00	 4.01912E+00	 3.76912E+00	 2.92113E+00	 3.95365E+00	 3.80043E+00	 2.89760E+00	 3.25000E+00	 5.12153E+00	 4.25000E+00	 4.19001E+00	 3.42096E+00	 3.24482E+00	 5.12241E+00	 4.49827E+00	 5.48985E+00	 4.40446E+00	 4.11785E+00	 4.94781E+00	 3.90187E+00	 2.68297E+00	 3.20491E+00	 4.22360E+00	 4.17371E+00	 4.23613E+00	 3.39469E+00	 4.88142E+00	 4.13142E+00	 3.72674E+00	 3.72625E+00	 4.25000E+00	 3.17715E+00	 3.81863E+00	 6.06863E+00	 4.59118E+00	 4.37414E+00	 3.22225E+00	 5.16662E+00	 4.20133E+00	 3.61633E+00	 3.52883E+00	 2.85679E+00	 3.09226E+00	 4.43556E+00	 3.88022E+00	 3.36544E+00	 4.85559E+00	 4.36077E+00	 4.26734E+00	 3.39499E+00	 4.50000E+00	 4.50000E+00	 4.50000E+00	 4.60333E+00	 3.98786E+00	 4.16851E+00	 3.84523E+00
 4.80910E+00	 5.44601E+00	 4.38977E+00	 4.65022E+00	 3.27014E+00	 4.35102E+00	 4.45522E+00	 3.99652E+00	 4.15292E+00	 3.21658E+00	 3.42677E+00	 3.98609E+00	 4.87398E+00	 3.55736E+00	 4.63456E+00	 4.36633E+00	 4.16932E+00	 4.73786E+00	 4.59554E+00	 3.96632E+00	 3.29509E+00	 3.66514E+00	 3.55565E+00	 4.97572E+00	 3.72497E+00	 2.84991E+00	 3.70885E+00	 3.45174E+00	 3.10798E+00	 3.56412E+00	 3.95146E+00	 5.05954E+00	 4.46048E+00	 3.50000E+00	 2.50000E+00	 4.38146E+00	 4.38977E+00	 3.63887E+00	 3.94108E+00	 4.30765E+00	 3.83514E+00	 4.10798E+00	 4.36893E+00	 4.13684E+00	 3.67520E+00	 5.50000E+00	 4.84554E+00	 3.84118E+00	 4.62759E+00	 6.66749E+00	 5.21705E+00	 3.56412E+00	 4.14321E+00	 4.48681E+00	 3.97572E+00	 3.49827E+00	 3.72769E+00	 4.94997E+00	 3.91851E+00	 4.02433E+00	 3.99307E+00
 4.50000E+00	 5.50000E+00	 4.47225E+00	 2.25000E+00	 3.15936E+00	 4.50000E+00	 4.21632E+00	 3.93222E+00	 4.13419E+00	 3.03999E+00	 3.66836E+00	 4.00000E+00	 4.46558E+00	 3.66332E+00	 3.70666E+00	 3.14994E+00	 4.00000E+00	 4.00000E+00	 5.69627E+00	 5.38367E+00	 3.77720E+00	 4.29988E+00	 6.60679E+00	 3.26430E+00	 3.60593E+00	 3.77888E+00	 4.46339E+00	 4.09632E+00	 4.93411E+00	 4.88556E+00	 4.01292E+00	 3.91150E+00	 5.07739E+00	 5.25000E+00	 4.11319E+00	 3.92032E+00	 4.75000E+00	 5.39407E+00	 4.95522E+00	 3.32492E+00	 4.30892E+00	 4.89238E+00	 5.55219E+00	 3.79854E+00	 4.93694E+00	 2.90706E+00	 4.50693E+00	 4.25000E+00	 4.40446E+00	 3.80892E+00	 4.39586E+00	 5.11997E+00	 3.13110E+00	 5.00000E+00	 3.85073E+00	 3.64499E+00	 4.75000E+00	 5.64147E+00	 4.57449E+00	 4.02433E+00	 3.88717E+00
 5.23266E+00	 4.88977E+00	 4.30927E+00	 3.00000E+00	 3.43556E+00	 3.67096E+00	 4.02433E+00	 6.33703E+00	 4.10853E+00	 3.36373E+00	 3.43583E+00	 3.56863E+00	 4.61373E+00	 4.78368E+00	 5.38023E+00	 3.66933E+00	 3.90187E+00	 3.94627E+00	 3.19472E+00	 3.25000E+00	 4.10853E+00	 5.20145E+00	 3.55910E+00	 4.90292E+00	 4.87935E+00	 5.00000E+00	 3.96185E+00	 3.34005E+00	 3.85073E+00	 4.04263E+00	 4.45107E+00	 5.14407E+00	 5.85593E+00	 5.53146E+00	 5.77608E+00	 3.25000E+00	 2.51739E+00	 3.87177E+00	 4.62177E+00	 3.25000E+00	 4.50000E+00	 3.43583E+00	 3.52104E+00	 4.24482E+00	 4.73993E+00	 4.94108E+00	 4.12348E+00	 5.38540E+00	 4.50554E+00	 3.47225E+00	 3.27830E+00	 3.92090E+00	 5.03637E+00	 3.87069E+00	 5.62586E+00	 2.84523E+00	 3.86196E+00	 4.50000E+00	 3.60853E+00	 4.38401E+00	 4.17032E+00
